255 255 255 255 255 255 255 255 255 255 255 255 255 255 255 255
255 255 255 255 255 255 255 255 255 255 255 255 255 255 255 255
255 255   0   0   0   0   0   0   0   0   0   0   0   0 255 255
255 255   0   0   0   0   0   0   0   0   0   0   0   0 255 255
255 255   0   0   0   0   0   0   0   0   0   0   0   0 255 255
255 255   0   0   0 255 255 255  51  35 255   0   0   0 255 255
255 255   0   0   0 255 255 255  35 252  35   0   0   0 255 255
255 255   0   0   0 255 255 209  35  35  35   0   0   0 255 255
255 255   0   0   0  51  35  35  44  35 252   0   0   0 255 255
255 255   0   0   0  35 252  35  35  35 255   0   0   0 255 255
255 255   0   0   0 255  35  35 251 255 255   0   0   0 255 255
255 255   0   0   0   0   0   0   0   0   0   0   0   0 255 255
255 255   0   0   0   0   0   0   0   0   0   0   0   0 255 255
255 255   0   0   0   0   0   0   0   0   0   0   0   0 255 255
255 255 255 255 255 255 255 255 255 255 255 255 255 255 255 255
255 255 255 255 255 255 255 255 255 255 255 255 255 255 255 255
255 255 255 255 255 255 255 255 255 255 255 255 255 255 255 255
255 255 255 255 255 255 255 255 255 255 255 255 255 255 255 255
255 255   0   0   0   0   0   0   0   0   0   0   0   0 255 255
255 255   0   0   0   0   0   0   0   0   0   0   0   0 255 255
255 255   0   0   0   0   0   0   0   0   0   0   0   0 255 255
255 255   0   0   0 255 255 255  44  28 255   0   0   0 255 255
255 255   0   0   0 255 255 255  28 252  28   0   0   0 255 255
255 255   0   0   0 255 255 208  28  28  28   0   0   0 255 255
255 255   0   0   0  44  28  28  38  28 252   0   0   0 255 255
255 255   0   0   0  28 252  28  28  28 255   0   0   0 255 255
255 255   0   0   0 255  28  28 251 255 255   0   0   0 255 255
255 255   0   0   0   0   0   0   0   0   0   0   0   0 255 255
255 255   0   0   0   0   0   0   0   0   0   0   0   0 255 255
255 255   0   0   0   0   0   0   0   0   0   0   0   0 255 255
255 255 255 255 255 255 255 255 255 255 255 255 255 255 255 255
255 255 255 255 255 255 255 255 255 255 255 255 255 255 255 255
255 255 255 255 255 255 255 255 255 255 255 255 255 255 255 255
255 255 255 255 255 255 255 255 255 255 255 255 255 255 255 255
255 255   0   0   0   0   0   0   0   0   0   0   0   0 255 255
255 255   0   0   0   0   0   0   0   0   0   0   0   0 255 255
255 255   0   0   0   0   0   0   0   0   0   0   0   0 255 255
255 255   0   0   0 255 255 255 201 197 255   0   0   0 255 255
255 255   0   0   0 255 255 255 197 254 197   0   0   0 255 255
255 255   0   0   0 255 255 243 197 197 197   0   0   0 255 255
255 255   0   0   0 201 197 197 199 197 254   0   0   0 255 255
255 255   0   0   0 197 254 197 197 197 255   0   0   0 255 255
255 255   0   0   0 255 197 197 254 255 255   0   0   0 255 255
255 255   0   0   0   0   0   0   0   0   0   0   0   0 255 255
255 255   0   0   0   0   0   0   0   0   0   0   0   0 255 255
255 255   0   0   0   0   0   0   0   0   0   0   0   0 255 255
255 255 255 255 255 255 255 255 255 255 255 255 255 255 255 255
255 255 255 255 255 255 255 255 255 255 255 255 255 255 255 255

255 255 255 255 255 255 255 255 255 255 255 255 255 255 255 255
255 255 255 255 255 255 255 255 255 255 255 255 255 255 255 255
255 255   0   0   0   0   0   0   0   0   0   0   0   0 255 255
255 255   0   0   0   0   0   0   0   0   0   0   0   0 255 255
255 255   0   0   0   0   0   0   0   0   0   0   0   0 255 255
255 255   0   0   0 255  35  35 252 255 255   0   0   0 255 255
255 255   0   0   0  35 252  35  35  35 255   0   0   0 255 255
255 255   0   0   0  51  35  35  44  35 251   0   0   0 255 255
255 255   0   0   0 255 255 209  35  35  35   0   0   0 255 255
255 255   0   0   0 255 255 255  35 252  35   0   0   0 255 255
255 255   0   0   0 255 255 255  51  35 255   0   0   0 255 255
255 255   0   0   0   0   0   0   0   0   0   0   0   0 255 255
255 255   0   0   0   0   0   0   0   0   0   0   0   0 255 255
255 255   0   0   0   0   0   0   0   0   0   0   0   0 255 255
255 255 255 255 255 255 255 255 255 255 255 255 255 255 255 255
255 255 255 255 255 255 255 255 255 255 255 255 255 255 255 255
255 255 255 255 255 255 255 255 255 255 255 255 255 255 255 255
255 255 255 255 255 255 255 255 255 255 255 255 255 255 255 255
255 255   0   0   0   0   0   0   0   0   0   0   0   0 255 255
255 255   0   0   0   0   0   0   0   0   0   0   0   0 255 255
255 255   0   0   0   0   0   0   0   0   0   0   0   0 255 255
255 255   0   0   0 255  28  28 252 255 255   0   0   0 255 255
255 255   0   0   0  28 252  28  28  28 255   0   0   0 255 255
255 255   0   0   0  44  28  28  38  28 251   0   0   0 255 255
255 255   0   0   0 255 255 208  28  28  28   0   0   0 255 255
255 255   0   0   0 255 255 255  28 252  28   0   0   0 255 255
255 255   0   0   0 255 255 255  44  28 255   0   0   0 255 255
255 255   0   0   0   0   0   0   0   0   0   0   0   0 255 255
255 255   0   0   0   0   0   0   0   0   0   0   0   0 255 255
255 255   0   0   0   0   0   0   0   0   0   0   0   0 255 255
255 255 255 255 255 255 255 255 255 255 255 255 255 255 255 255
255 255 255 255 255 255 255 255 255 255 255 255 255 255 255 255
255 255 255 255 255 255 255 255 255 255 255 255 255 255 255 255
255 255 255 255 255 255 255 255 255 255 255 255 255 255 255 255
255 255   0   0   0   0   0   0   0   0   0   0   0   0 255 255
255 255   0   0   0   0   0   0   0   0   0   0   0   0 255 255
255 255   0   0   0   0   0   0   0   0   0   0   0   0 255 255
255 255   0   0   0 255 197 197 254 255 255   0   0   0 255 255
255 255   0   0   0 197 254 197 197 197 255   0   0   0 255 255
255 255   0   0   0 201 197 197 199 197 254   0   0   0 255 255
255 255   0   0   0 255 255 243 197 197 197   0   0   0 255 255
255 255   0   0   0 255 255 255 197 254 197   0   0   0 255 255
255 255   0   0   0 255 255 255 201 197 255   0   0   0 255 255
255 255   0   0   0   0   0   0   0   0   0   0   0   0 255 255
255 255   0   0   0   0   0   0   0   0   0   0   0   0 255 255
255 255   0   0   0   0   0   0   0   0   0   0   0   0 255 255
255 255 255 255 255 255 255 255 255 255 255 255 255 255 255 255
255 255 255 255 255 255 255 255 255 255 255 255 255 255 255 255

255 255 255 255 255 255 255 255 255 255 255 255 255 255 255 255
255 214 153 153 153 153 153 153 153 153 153 153 153 153 214 255
255 153   0   0   0   0   0   0   0   0   0   0   0   0 153 255
255 153   0   0   0   0   0   0   0   0   0   0   0   0 153 255
255 153   0   0  10  51  51  51  50  50  51  10   0   0 153 255
255 153   0   0  51 255 253 162  63 109 255  51   0   0 153 255
255 153   0   0  51 253 110  35  62 102 102  51   0   0 153 255
255 153   0   0  51 162  35  89 123 125 143  51   0   0 153 255
255 153   0   0  50  63  62 123  99 168 247  51   0   0 153 255
255 153   0   0  50 109 102 125 168 255 255  51   0   0 153 255
255 153   0   0  51 255 102 143 247 255 255  51   0   0 153 255
255 153   0   0  10  51  51  51  51  51  51  10   0   0 153 255
255 153   0   0   0   0   0   0   0   0   0   0   0   0 153 255
255 153   0   0   0   0   0   0   0   0   0   0   0   0 153 255
255 214 153 153 153 153 153 153 153 153 153 153 153 153 214 255
255 255 255 255 255 255 255 255 255 255 255 255 255 255 255 255
255 255 255 255 255 255 255 255 255 255 255 255 255 255 255 255
255 214 153 153 153 153 153 153 153 153 153 153 153 153 214 255
255 153   0   0   0   0   0   0   0   0   0   0   0   0 153 255
255 153   0   0   0   0   0   0   0   0   0   0   0   0 153 255
255 153   0   0  10  51  51  51  50  50  51  10   0   0 153 255
255 153   0   0  51 255 253 159  57 104 255  51   0   0 153 255
255 153   0   0  51 253 105  28  56  97  97  51   0   0 153 255
255 153   0   0  51 159  28  84 119 120 140  51   0   0 153 255
255 153   0   0  50  57  56 119  94 166 247  51   0   0 153 255
255 153   0   0  50 104  97 120 165 255 255  51   0   0 153 255
255 153   0   0  51 255  97 140 247 255 255  51   0   0 153 255
255 153   0   0  10  51  51  51  51  51  51  10   0   0 153 255
255 153   0   0   0   0   0   0   0   0   0   0   0   0 153 255
255 153   0   0   0   0   0   0   0   0   0   0   0   0 153 255
255 214 153 153 153 153 153 153 153 153 153 153 153 153 214 255
255 255 255 255 255 255 255 255 255 255 255 255 255 255 255 255
255 255 255 255 255 255 255 255 255 255 255 255 255 255 255 255
255 214 153 153 153 153 153 153 153 153 153 153 153 153 214 255
255 153   0   0   0   0   0   0   0   0   0   0   0   0 153 255
255 153   0   0   0   0   0   0   0   0   0   0   0   0 153 255
255 153   0   0  10  51  51  51  50  50  51  10   0   0 153 255
255 153   0   0  51 255 254 230 204 216 255  51   0   0 153 255
255 153   0   0  51 254 216 197 204 214 213  51   0   0 153 255
255 153   0   0  51 230 197 210 219 219 224  51   0   0 153 255
255 153   0   0  50 204 204 219 213 231 253  51   0   0 153 255
255 153   0   0  50 216 214 220 231 255 255  51   0   0 153 255
255 153   0   0  51 255 213 224 253 255 255  51   0   0 153 255
255 153   0   0  10  51  51  51  51  51  51  10   0   0 153 255
255 153   0   0   0   0   0   0   0   0   0   0   0   0 153 255
255 153   0   0   0   0   0   0   0   0   0   0   0   0 153 255
255 214 153 153 153 153 153 153 153 153 153 153 153 153 214 255
255 255 255 255 255 255 255 255 255 255 255 255 255 255 255 255

255 255 255 255 255 255 255 255 255 255 255 255 255 255 255 255
255 214 153 153 153 153 153 153 153 153 153 153 153 153 214 255
255 153   0   0   0   0   0   0   0   0   0   0   0   0 153 255
255 153   0   0   0   0   0   0   0   0   0   0   0   0 153 255
255 153   0   0  10  51  51  51  51  51  51  10   0   0 153 255
255 153   0   0  51 255 102 143 247 255 255  51   0   0 153 255
255 153   0   0  50 109 102 125 168 255 255  51   0   0 153 255
255 153   0   0  50  63  62 123  99 168 247  51   0   0 153 255
255 153   0   0  51 162  35  89 123 125 143  51   0   0 153 255
255 153   0   0  51 253 110  35  62 102 102  51   0   0 153 255
255 153   0   0  51 255 253 162  63 109 255  51   0   0 153 255
255 153   0   0  10  51  51  51  50  50  51  10   0   0 153 255
255 153   0   0   0   0   0   0   0   0   0   0   0   0 153 255
255 153   0   0   0   0   0   0   0   0   0   0   0   0 153 255
255 214 153 153 153 153 153 153 153 153 153 153 153 153 214 255
255 255 255 255 255 255 255 255 255 255 255 255 255 255 255 255
255 255 255 255 255 255 255 255 255 255 255 255 255 255 255 255
255 214 153 153 153 153 153 153 153 153 153 153 153 153 214 255
255 153   0   0   0   0   0   0   0   0   0   0   0   0 153 255
255 153   0   0   0   0   0   0   0   0   0   0   0   0 153 255
255 153   0   0  10  51  51  51  51  51  51  10   0   0 153 255
255 153   0   0  51 255  97 140 247 255 255  51   0   0 153 255
255 153   0   0  50 104  97 120 166 255 255  51   0   0 153 255
255 153   0   0  50  57  56 119  94 165 247  51   0   0 153 255
255 153   0   0  51 159  28  84 119 120 140  51   0   0 153 255
255 153   0   0  51 253 105  28  56  97  97  51   0   0 153 255
255 153   0   0  51 255 253 159  57 104 255  51   0   0 153 255
255 153   0   0  10  51  51  51  50  50  51  10   0   0 153 255
255 153   0   0   0   0   0   0   0   0   0   0   0   0 153 255
255 153   0   0   0   0   0   0   0   0   0   0   0   0 153 255
255 214 153 153 153 153 153 153 153 153 153 153 153 153 214 255
255 255 255 255 255 255 255 255 255 255 255 255 255 255 255 255
255 255 255 255 255 255 255 255 255 255 255 255 255 255 255 255
255 214 153 153 153 153 153 153 153 153 153 153 153 153 214 255
255 153   0   0   0   0   0   0   0   0   0   0   0   0 153 255
255 153   0   0   0   0   0   0   0   0   0   0   0   0 153 255
255 153   0   0  10  51  51  51  51  51  51  10   0   0 153 255
255 153   0   0  51 255 213 224 253 255 255  51   0   0 153 255
255 153   0   0  50 216 214 219 231 255 255  51   0   0 153 255
255 153   0   0  50 204 204 219 213 231 253  51   0   0 153 255
255 153   0   0  51 230 197 210 219 220 224  51   0   0 153 255
255 153   0   0  51 254 216 197 204 214 213  51   0   0 153 255
255 153   0   0  51 255 254 230 204 216 255  51   0   0 153 255
255 153   0   0  10  51  51  51  50  50  51  10   0   0 153 255
255 153   0   0   0   0   0   0   0   0   0   0   0   0 153 255
255 153   0   0   0   0   0   0   0   0   0   0   0   0 153 255
255 214 153 153 153 153 153 153 153 153 153 153 153 153 214 255
255 255 255 255 255 255 255 255 255 255 255 255 255 255 255 255
